$ANSIBLE_VAULT;1.1;AES256
32653930393165313933393530313039363662613966343330663466336262356536616637313466
6132613333343566633432396533316362313534343765390a393532663531363839373539383835
30313435363163376466363964626438613635653965393738356137313363386366336264396630
6338613965343230300a393430343238613530396538643139643166636336393430383138323239
37373461656331306636393764373433663730636537616334613166366461396431613739306238
63313634363265313861346166613164303530653266633937333566396433333133333663393438
35396530363964316462653432373932313263613133383565363865656630383235656161306132
62326631656437346532663138393065623864316631393030666335386664343438653364373764
32643132633737333535313232653264336563323237393030326433323464363066633364616638
61306163333037653131643034353766326534393165613839306138636163393739373437393066
63396465343762646637666531356234353965313464333337616539353132383566316336616462
65313438656634623730613239313264646631363763373865623438393733386363393962366236
62333435663933366262663734633934366632303732613462643434623331346563613463663631
36393034353965326663373537383565396535613462313761386466613535623333633432336635
64366264626564396334643036656531313030326239313834316536316563383136313438663831
62333933303866383764
